00000000000000000000000000000000000000000000000001
10000000000000000000000000000000000000000000000000
00000000000000000000000000000000000000000000000020
02000000000000000000000000000000000000000000000000
00000000000000000000000000000000000000000000000300
00300000000000000000000000000000000000000000000000
00000000000000000000000000000000000000000000004000
00040000000000000000000000000000000000000000000000
00000000000000000000000000000000000000000000050000
00005000000000000000000000000000000000000000000000

